0 0.11 5.00
1 0.13 5.00
2 0.19 5.00
3 0.27 5.00
4 0.39 5.00
5 0.52 5.00
6 0.65 5.00
7 0.81 3.89
8 0.96 2.87
9 1.09 2.43
10 1.21 2.25
11 1.31 2.17
12 1.40 2.13
13 1.48 2.11
14 1.54 2.10
15 1.59 2.09
16 1.64 2.09
17 1.68 2.09
18 1.72 2.10
19 1.74 2.09
20 1.77 2.09
21 1.79 2.08
22 1.82 2.11
23 1.83 2.09
24 1.86 2.12
25 1.86 2.10
26 1.88 2.11
27 1.89 2.12
28 1.90 2.11
29 1.91 2.12
30 1.92 2.13
31 1.93 2.13
32 1.94 2.14
33 1.95 2.14
34 1.96 2.14
35 1.96 2.14
36 1.96 2.14
37 1.97 2.15
38 1.98 2.16
39 1.99 2.16
40 2.00 2.17
41 2.00 2.16
42 2.01 2.17
43 2.02 2.19
44 2.02 2.18
45 2.02 2.18
46 2.04 2.20
47 2.04 2.19
48 2.05 2.21
49 2.05 2.19
50 2.06 2.21
51 2.06 2.20
52 2.07 2.21
53 2.07 2.22
54 2.08 2.22
55 2.08 2.22
56 2.09 2.23
57 2.10 2.24
58 2.10 2.24
59 2.10 2.23
60 2.11 2.24
61 2.11 2.24
62 2.11 2.23
63 2.12 2.24
64 2.13 2.26
65 2.13 2.26
66 2.13 2.25
67 2.14 2.27
68 2.15 2.28
69 2.15 2.26
70 2.15 2.26
71 2.16 2.27
72 2.16 2.26
73 2.16 2.27
74 2.17 2.28
75 2.17 2.28
76 2.17 2.29
77 2.17 2.28
78 2.18 2.29
79 2.18 2.28
80 2.19 2.31
81 2.19 2.29
82 2.20 2.30
83 2.20 2.30
84 2.21 2.31
85 2.21 2.31
86 2.21 2.31
87 2.21 2.31
88 2.21 2.29
89 2.22 2.31
90 2.22 2.31
91 2.22 2.32
92 2.22 2.31
93 2.23 2.32
94 2.23 2.32
95 2.23 2.32
96 2.23 2.32
97 2.24 2.32
98 2.24 2.33
99 2.24 2.33
100 2.24 2.32
101 2.25 2.34
102 2.25 2.33
103 2.25 2.33
104 2.25 2.33
105 2.26 2.34
106 2.26 2.34
107 2.26 2.34
108 2.27 2.35
109 2.27 2.35
110 2.27 2.34
111 2.27 2.34
112 2.27 2.35
113 2.28 2.36
114 2.28 2.36
115 2.29 2.36
116 2.28 2.35
117 2.29 2.36
118 2.29 2.36
119 2.29 2.36
120 2.30 2.38
121 2.29 2.35
122 2.30 2.37
123 2.30 2.37
124 2.30 2.35
125 2.30 2.36
126 2.30 2.36
127 2.31 2.37
128 2.31 2.37
129 2.31 2.37
130 2.31 2.38
131 2.31 2.37
132 2.31 2.37
133 2.31 2.37
134 2.32 2.39
135 2.31 2.36
136 2.32 2.38
137 2.32 2.37
138 2.32 2.38
139 2.32 2.38
140 2.33 2.39
141 2.32 2.37
142 2.33 2.39
143 2.33 2.38
144 2.34 2.40
145 2.33 2.38
146 2.33 2.38
147 2.33 2.38
148 2.34 2.39
149 2.34 2.39
150 2.35 2.41
151 2.34 2.39
152 2.35 2.40
153 2.35 2.40
154 2.35 2.39
155 2.35 2.39
156 2.36 2.41
157 2.36 2.41
158 2.35 2.39
159 2.35 2.39
160 2.36 2.40
161 2.36 2.41
162 2.36 2.41
163 2.36 2.40
164 2.36 2.41
165 2.36 2.40
166 2.36 2.40
167 2.36 2.41
168 2.36 2.41
169 2.36 2.40
170 2.36 2.40
171 2.37 2.41
172 2.37 2.41
173 2.37 2.41
174 2.37 2.41
175 2.37 2.41
176 2.37 2.42
177 2.37 2.41
178 2.37 2.41
179 2.37 2.40
180 2.37 2.41
181 2.37 2.41
182 2.37 2.41
183 2.38 2.43
184 2.37 2.41
185 2.37 2.40
186 2.37 2.41
187 2.38 2.42
188 2.37 2.41
189 2.38 2.43
190 2.38 2.42
191 2.38 2.42
192 2.38 2.42
193 2.38 2.41
194 2.38 2.42
195 2.38 2.42
196 2.38 2.42
197 2.39 2.43
198 2.39 2.43
199 2.39 2.42
200 2.39 2.43
201 2.38 2.41
202 2.39 2.42
203 2.39 2.42
204 2.39 2.44
205 2.39 2.43
206 2.39 2.42
207 2.39 2.42
208 2.39 2.42
209 2.39 2.43
210 2.40 2.44
211 2.39 2.43
212 2.39 2.42
213 2.39 2.42
214 2.39 2.43
215 2.39 2.43
216 2.39 2.43
217 2.39 2.42
218 2.40 2.44
219 2.39 2.42
220 2.39 2.43
221 2.39 2.42
222 2.39 2.42
223 2.39 2.43
224 2.40 2.44
225 2.39 2.43
226 2.40 2.44
227 2.39 2.42
228 2.40 2.44
229 2.39 2.42
230 2.41 2.45
231 2.39 2.42
232 2.41 2.46
233 2.40 2.42
234 2.40 2.43
235 2.40 2.43
236 2.40 2.43
237 2.40 2.42
238 2.40 2.43
239 2.41 2.44
240 2.40 2.43
241 2.40 2.42
242 2.40 2.43
243 2.40 2.43
244 2.40 2.43
245 2.40 2.43
246 2.41 2.45
247 2.41 2.44
248 2.41 2.44
249 2.41 2.44
250 2.41 2.44
251 2.41 2.45
252 2.41 2.44
253 2.41 2.44
254 2.41 2.43
255 2.41 2.44
256 2.41 2.43
257 2.41 2.43
258 2.40 2.42
259 2.42 2.46
260 2.42 2.46
261 2.41 2.44
262 2.41 2.44
263 2.41 2.44
264 2.41 2.43
265 2.41 2.44
266 2.41 2.43
267 2.42 2.45
268 2.41 2.43
269 2.42 2.46
270 2.41 2.43
271 2.41 2.43
272 2.41 2.44
273 2.42 2.45
274 2.42 2.45
275 2.42 2.45
276 2.41 2.44
277 2.41 2.44
278 2.41 2.44
279 2.41 2.44
280 2.42 2.46
281 2.42 2.46
282 2.41 2.42
283 2.41 2.43
284 2.42 2.45
285 2.42 2.45
286 2.42 2.45
287 2.41 2.43
288 2.42 2.45
289 2.42 2.45
290 2.42 2.44
291 2.42 2.44
292 2.41 2.42
293 2.43 2.47
294 2.42 2.44
295 2.42 2.45
296 2.41 2.43
297 2.43 2.46
298 2.43 2.46
299 2.42 2.45
300 2.42 2.44
301 2.41 2.43
302 2.42 2.45
303 2.42 2.45
304 2.42 2.44
305 2.42 2.44
306 2.42 2.44
307 2.42 2.45
308 2.42 2.44
309 2.42 2.45
310 2.43 2.47
311 2.42 2.45
312 2.42 2.44
313 2.42 2.44
314 2.43 2.46
315 2.42 2.44
316 2.42 2.44
317 2.43 2.45
318 2.42 2.44
319 2.42 2.43
320 2.42 2.44
321 2.42 2.45
322 2.43 2.46
323 2.43 2.46
324 2.41 2.42
325 2.43 2.46
326 2.43 2.46
327 2.42 2.44
328 2.43 2.45
329 2.42 2.44
330 2.42 2.44
331 2.42 2.44
332 2.42 2.45
333 2.42 2.44
334 2.42 2.44
335 2.42 2.45
336 2.43 2.47
337 2.42 2.45
338 2.43 2.45
339 2.42 2.44
340 2.42 2.44
341 2.42 2.44
342 2.42 2.45
343 2.42 2.45
344 2.43 2.46
345 2.43 2.46
346 2.42 2.43
347 2.42 2.45
348 2.43 2.46
349 2.42 2.45
350 2.43 2.45
351 2.42 2.44
352 2.43 2.45
353 2.42 2.44
354 2.42 2.44
355 2.42 2.44
356 2.43 2.46
357 2.42 2.44
358 2.43 2.46
359 2.42 2.44
360 2.42 2.44
361 2.43 2.45
362 2.43 2.45
363 2.42 2.44
364 2.43 2.45
365 2.43 2.45
366 2.43 2.45
367 2.43 2.45
368 2.42 2.44
369 2.42 2.44
370 2.43 2.45
371 2.42 2.44
372 2.43 2.45
373 2.43 2.45
374 2.43 2.46
375 2.43 2.45
376 2.42 2.44
377 2.44 2.48
378 2.42 2.44
379 2.43 2.46
380 2.43 2.46
381 2.43 2.46
382 2.43 2.45
383 2.43 2.45
384 2.43 2.45
385 2.43 2.44
386 2.43 2.46
387 2.43 2.45
388 2.43 2.46
389 2.42 2.44
390 2.44 2.47
391 2.43 2.46
392 2.43 2.44
393 2.43 2.46
394 2.43 2.45
395 2.43 2.45
396 2.43 2.45
397 2.43 2.45
398 2.44 2.47
399 2.43 2.45
400 2.43 2.45
401 2.43 2.45
402 2.43 2.45
403 2.43 2.46
404 2.43 2.46
405 2.43 2.45
406 2.42 2.44
407 2.43 2.45
408 2.43 2.45
409 2.43 2.45
410 2.43 2.46
411 2.43 2.45
412 2.44 2.47
413 2.43 2.45
414 2.43 2.45
415 2.43 2.45
416 2.43 2.45
417 2.43 2.45
418 2.43 2.45
419 2.44 2.47
420 2.43 2.46
421 2.42 2.43
422 2.42 2.44
423 2.42 2.44
424 2.43 2.46
425 2.42 2.44
426 2.43 2.45
427 2.43 2.46
428 2.43 2.45
429 2.43 2.45
430 2.42 2.44
431 2.43 2.45
432 2.42 2.44
433 2.43 2.45
434 2.42 2.44
435 2.42 2.44
436 2.43 2.46
437 2.42 2.44
438 2.42 2.44
439 2.42 2.44
440 2.43 2.46
441 2.42 2.44
442 2.43 2.45
443 2.42 2.44
444 2.42 2.44
445 2.42 2.44
446 2.43 2.47
447 2.43 2.46
448 2.44 2.47
449 2.42 2.43
450 2.43 2.46
451 2.42 2.44
452 2.43 2.46
453 2.43 2.45
454 2.43 2.45
455 2.43 2.45
456 2.43 2.45
457 2.42 2.44
458 2.42 2.44
459 2.43 2.45
460 2.43 2.45
461 2.43 2.45
462 2.42 2.44
463 2.43 2.45
464 2.44 2.47
465 2.42 2.44
466 2.43 2.45
467 2.43 2.45
468 2.43 2.46
469 2.43 2.45
470 2.43 2.45
471 2.43 2.45
472 2.43 2.45
473 2.42 2.44
474 2.42 2.44
475 2.43 2.45
476 2.43 2.46
477 2.43 2.46
478 2.42 2.44
479 2.43 2.46
480 2.43 2.45
481 2.43 2.45
482 2.43 2.46
483 2.42 2.43
484 2.42 2.44
485 2.43 2.46
486 2.42 2.44
487 2.43 2.45
488 2.43 2.46
489 2.43 2.46
490 2.43 2.45
491 2.43 2.45
492 2.42 2.44
493 2.42 2.44
494 2.43 2.46
495 2.42 2.44
496 2.43 2.45
497 2.43 2.46
498 2.42 2.44
499 2.43 2.45
500 2.42 2.44
501 2.44 2.47
502 2.42 2.44
503 2.44 2.47
504 2.43 2.45
505 2.42 2.44
506 2.42 2.44
507 2.43 2.45
508 2.43 2.45
509 2.43 2.45
510 2.43 2.46
511 2.43 2.45
512 2.43 2.45
513 2.43 2.45
514 2.43 2.46
515 2.44 2.47
516 2.42 2.43
517 2.43 2.46
518 2.43 2.45
519 2.43 2.45
520 2.43 2.45
521 2.42 2.44
522 2.44 2.47
523 2.42 2.44
524 2.42 2.44
525 2.42 2.44
526 2.42 2.44
527 2.43 2.46
528 2.43 2.45
529 2.43 2.46
530 2.44 2.47
531 2.42 2.44
532 2.43 2.45
533 2.43 2.45
534 2.43 2.46
535 2.43 2.45
536 2.42 2.44
537 2.42 2.44
538 2.43 2.46
539 2.42 2.44
540 2.43 2.46
541 2.43 2.45
542 2.43 2.45
543 2.43 2.45
544 2.43 2.46
545 2.43 2.45
546 2.42 2.44
547 2.42 2.44
548 2.43 2.45
549 2.43 2.45
550 2.42 2.44
551 2.42 2.44
552 2.43 2.46
553 2.42 2.44
554 2.43 2.45
555 2.43 2.46
556 2.43 2.45
