0 0.05 3.40
1 0.05 2.62
2 0.06 2.65
3 0.11 2.79
4 0.17 2.90
5 0.24 2.94
6 0.32 2.96
7 0.41 2.95
8 0.50 2.93
9 0.59 2.91
10 0.68 2.88
11 0.78 2.85
12 0.87 2.83
13 0.96 2.80
14 1.04 2.78
15 1.12 2.76
16 1.20 2.75
17 1.28 2.73
18 1.34 2.72
19 1.41 2.70
20 1.48 2.69
21 1.54 2.68
22 1.59 2.67
23 1.65 2.65
24 1.70 2.64
25 1.75 2.64
26 1.79 2.63
27 1.83 2.62
28 1.88 2.61
29 1.92 2.60
30 1.95 2.60
31 1.98 2.60
32 2.01 2.59
33 2.04 2.58
34 2.08 2.57
35 2.09 2.58
36 2.12 2.57
37 2.15 2.56
38 2.17 2.56
39 2.18 2.56
40 2.20 2.56
41 2.22 2.55
42 2.23 2.55
43 2.25 2.54
44 2.27 2.54
45 2.28 2.54
46 2.29 2.54
47 2.30 2.54
48 2.31 2.54
49 2.32 2.53
50 2.33 2.53
51 2.34 2.53
52 2.35 2.53
53 2.36 2.53
54 2.36 2.53
55 2.38 2.52
56 2.38 2.52
57 2.39 2.52
58 2.40 2.51
59 2.40 2.52
60 2.40 2.52
61 2.41 2.52
62 2.41 2.52
63 2.41 2.52
64 2.42 2.51
65 2.43 2.51
66 2.42 2.52
67 2.43 2.51
68 2.43 2.51
69 2.44 2.51
70 2.44 2.51
71 2.44 2.51
72 2.44 2.51
73 2.45 2.51
74 2.45 2.51
75 2.45 2.51
76 2.46 2.51
77 2.45 2.51
78 2.46 2.51
79 2.46 2.51
80 2.46 2.51
81 2.46 2.51
82 2.46 2.51
83 2.46 2.51
84 2.46 2.51
85 2.46 2.51
86 2.46 2.51
87 2.46 2.51
88 2.47 2.51
89 2.46 2.51
90 2.47 2.50
91 2.46 2.51
92 2.48 2.50
93 2.47 2.50
94 2.48 2.50
95 2.48 2.50
96 2.47 2.51
97 2.49 2.50
98 2.47 2.51
99 2.48 2.51
100 2.48 2.51
101 2.47 2.51
102 2.47 2.51
103 2.47 2.51
104 2.48 2.50
105 2.48 2.50
106 2.47 2.51
107 2.47 2.51
108 2.47 2.51
109 2.48 2.50
110 2.47 2.51
111 2.48 2.50
112 2.47 2.51
113 2.48 2.51
114 2.47 2.51
115 2.48 2.51
116 2.47 2.51
117 2.47 2.51
118 2.47 2.51
119 2.48 2.50
120 2.48 2.50
121 2.48 2.50
122 2.47 2.51
123 2.48 2.51
124 2.48 2.51
125 2.48 2.50
126 2.48 2.50
127 2.48 2.51
128 2.47 2.51
129 2.48 2.50
130 2.48 2.51
131 2.48 2.50
132 2.48 2.51
133 2.48 2.51
134 2.48 2.50
135 2.47 2.51
136 2.48 2.51
137 2.48 2.51
138 2.48 2.51
139 2.48 2.51
140 2.48 2.51
141 2.48 2.50
142 2.48 2.50
143 2.48 2.51
144 2.48 2.50
145 2.47 2.51
146 2.49 2.50
147 2.48 2.51
148 2.48 2.50
149 2.48 2.50
150 2.47 2.51
151 2.48 2.51
152 2.48 2.51
153 2.48 2.51
154 2.48 2.51
155 2.49 2.50
156 2.48 2.51
157 2.48 2.51
158 2.48 2.51
159 2.48 2.51
160 2.48 2.50
161 2.48 2.51
162 2.48 2.50
163 2.48 2.51
164 2.48 2.50
165 2.48 2.51
166 2.48 2.50
167 2.49 2.50
168 2.47 2.51
169 2.48 2.51
170 2.48 2.50
171 2.48 2.51
172 2.48 2.51
173 2.48 2.50
174 2.48 2.51
175 2.48 2.51
176 2.48 2.50
177 2.48 2.50
178 2.48 2.51
179 2.48 2.51
180 2.47 2.51
181 2.48 2.51
182 2.48 2.51
183 2.48 2.51
184 2.47 2.51
185 2.49 2.50
186 2.48 2.50
187 2.48 2.50
188 2.48 2.50
189 2.47 2.51
190 2.48 2.50
191 2.48 2.51
192 2.48 2.51
193 2.48 2.51
194 2.48 2.50
195 2.48 2.50
196 2.48 2.51
197 2.48 2.51
198 2.48 2.50
199 2.48 2.51
200 2.48 2.50
201 2.48 2.51
202 2.48 2.50
203 2.47 2.51
204 2.48 2.51
205 2.48 2.50
206 2.48 2.51
207 2.48 2.50
208 2.48 2.50
209 2.49 2.50
210 2.48 2.51
211 2.48 2.50
212 2.48 2.50
213 2.48 2.50
214 2.48 2.51
215 2.47 2.51
216 2.48 2.50
217 2.48 2.51
218 2.48 2.50
219 2.48 2.50
220 2.48 2.51
221 2.48 2.50
222 2.48 2.51
223 2.48 2.50
224 2.48 2.50
225 2.49 2.50
226 2.49 2.50
227 2.48 2.51
228 2.48 2.51
229 2.48 2.50
230 2.48 2.50
231 2.48 2.51
232 2.48 2.51
233 2.48 2.50
234 2.47 2.51
235 2.48 2.51
236 2.48 2.51
237 2.48 2.50
238 2.48 2.51
239 2.48 2.50
240 2.48 2.51
241 2.48 2.50
242 2.49 2.50
243 2.48 2.50
244 2.49 2.50
245 2.48 2.51
246 2.48 2.51
