0 0.05 5.00
1 0.06 5.00
2 0.10 5.00
3 0.19 5.00
4 0.30 5.00
5 0.43 5.00
6 0.57 5.00
7 0.72 5.00
8 0.88 5.00
9 1.04 5.00
10 1.19 5.00
11 1.35 5.00
12 1.51 5.00
13 1.66 5.00
14 1.82 4.36
15 1.95 3.42
16 2.08 2.76
17 2.18 2.43
18 2.27 2.25
19 2.34 2.21
20 2.39 2.22
21 2.42 2.23
22 2.45 2.28
23 2.48 2.27
24 2.48 2.35
25 2.50 2.36
26 2.50 2.42
27 2.50 2.43
28 2.50 2.46
29 2.50 2.48
30 2.51 2.46
31 2.50 2.52
32 2.50 2.50
33 2.50 2.52
34 2.50 2.49
35 2.50 2.51
36 2.49 2.57
37 2.49 2.54
38 2.49 2.52
39 2.50 2.49
40 2.49 2.52
41 2.49 2.55
42 2.49 2.55
43 2.49 2.54
44 2.49 2.51
45 2.49 2.51
46 2.49 2.51
47 2.49 2.52
48 2.50 2.49
49 2.49 2.52
50 2.49 2.52
51 2.50 2.47
52 2.49 2.52
53 2.49 2.53
54 2.49 2.53
55 2.49 2.52
56 2.49 2.55
57 2.49 2.52
58 2.49 2.54
59 2.49 2.51
60 2.49 2.51
61 2.49 2.51
62 2.50 2.49
63 2.49 2.55
64 2.49 2.52
65 2.49 2.52
66 2.49 2.52
67 2.49 2.52
68 2.49 2.52
69 2.50 2.49
70 2.50 2.49
71 2.49 2.53
72 2.49 2.53
73 2.49 2.52
74 2.50 2.50
75 2.49 2.52
76 2.50 2.47
77 2.49 2.55
78 2.50 2.50
79 2.49 2.52
80 2.49 2.52
81 2.49 2.55
82 2.49 2.52
83 2.50 2.49
84 2.49 2.52
85 2.49 2.52
86 2.49 2.55
87 2.50 2.49
88 2.49 2.52
89 2.49 2.55
90 2.50 2.49
91 2.50 2.46
92 2.49 2.52
93 2.50 2.50
94 2.50 2.50
95 2.49 2.53
96 2.49 2.56
97 2.49 2.52
98 2.49 2.52
99 2.49 2.52
100 2.49 2.52
101 2.49 2.52
102 2.50 2.49
103 2.49 2.55
104 2.49 2.52
105 2.49 2.54
106 2.50 2.49
107 2.49 2.51
108 2.50 2.49
109 2.50 2.50
110 2.49 2.53
111 2.49 2.53
112 2.49 2.52
113 2.50 2.50
114 2.50 2.50
115 2.49 2.53
116 2.50 2.50
117 2.49 2.55
118 2.50 2.50
119 2.49 2.52
120 2.50 2.47
121 2.49 2.52
122 2.49 2.53
123 2.48 2.58
124 2.50 2.49
125 2.49 2.54
126 2.49 2.54
127 2.50 2.49
